-92.088 57.596 31.512 -43.951 -85.946 54.199 40.493 -56.623 -33.612 46.232 -52.758 20.521 24.223 34.276 -63.467 -3.207 4.884 96.876
-5.247 49.636 24.559 13.981 62.766 65.413 46.773 49.688 -36.056 55.759 -45.779 -35.764 16.850 -83.545 83.882 -1.287 -6.467 2.416 -54.915 67.250
-99.547 -14.472 13.968 62.997 8.620 67.169 -85.446 -0.504 32.729 46.733 -4.235
0.728 -18.577 -20.156 76.775 29.362 79.147 -28.190 11.532 1.537 -66.744 13.398 94.488 -60.367 87.093
-58.389 10.444 57.575 -25.093 -98.477 -55.256 60.225 -76.622 -61.832 0.554 51.521 -7.796 -5.561 -77.947
-42.866 72.606 75.027 82.263 -41.525 -92.113 -5.371 -76.902 59.177 -12.134 100.512 66.167 -12.273 -95.413 50.066 -51.392 16.329 -97.328 -17.158
39.596 -50.131 22.638 99.614 21.996 -0.832 26.441 19.798 83.999 22.375 -38.809 -78.348 -100.237 -44.466
17.373 -89.690 -98.480 92.767 82.654 77.252 -62.331 -30.639 35.378 -18.932 -3.979 61.750 94.254 -100.163
95.877 25.337 55.243 -71.374 -44.216 -6.324 -54.440 98.198 -86.848 7.496 44.918 -63.865 15.170 94.730 -41.629 47.265
-8.215 97.031 -76.045 -7.020 29.441 -91.782 -23.813 6.959 -51.993 -55.730 86.075 -87.758
48.893 -73.135 54.470 16.299 29.065 77.794 10.238 -82.228 95.464 -73.831 85.015
5.561 -50.403 -100.684 53.044 27.114 -86.198 91.578 -47.671 72.889 -98.199 38.694 -3.655
20.879 -50.820 32.139 97.223 29.143 7.304 -56.172 -60.068 -45.342 90.782 -32.058 48.612 -23.832 -46.348 -52.989 -70.153
-93.573 -38.688 -54.807 7.274 -31.106 89.915 -25.920 -31.719 66.757 -18.117 41.695 -11.914 62.725 -50.747 76.937 -39.776 25.766
75.871 84.341 -51.985 83.286 46.329 -46.984 -7.185 47.287 -22.772 96.334 -32.117 -56.883 -26.446 -89.145 16.989 39.996 98.417 55.992 -93.534 81.495
98.441 38.788 -89.516 28.557 81.114 -26.057 47.570 -15.021 50.249 69.475 -21.995 53.221
-28.505 -2.900 36.436 -82.041 62.427 -95.604 3.736 3.735 10.810 92.830 82.895 -78.449 31.002 25.618 -7.124 -97.997 -73.837
-57.382 63.182 -62.808 12.033 10.446 -17.003 64.035 -33.108 37.224 84.885 67.923 32.948 0.350 -96.194 -23.330 17.754 -15.822 30.581 3.918 -79.329
5.324 29.142 -29.443 -94.752 17.961 27.957 27.586 -13.206 81.754 8.377 -18.702 26.828
-46.702 -54.352 -85.951 63.438 -17.422 -14.666 -15.896 32.327 53.095 -55.526 -32.328 -48.813 -36.875
